0afe656949e3ffa7e6ac4a0565ed9db2,1,3
0b2f5f2c6708af8c91f1b601ac916909,1,2
0bdefe844bdecf449842daecc773dc12,1,2
0c4eb42a9953739124913e4d1d196787,1,0
0d0bf9ff4fbf4963f48ecbafd8f95b0f,1,2
15d51a078ae4881c25e8560e014b9b76,1,2
18a6feba9e58b7241a1a292f0b9db03e,1,0
1bfd04685665542532e2c253920f5c46,1,0
1c8469e25aa9129f795eda948fd06ed3,1,1
207465f374a23343301dac4f86d3cdcb,1,3
266c5e13a9cf47654415b57145420e4a,1,0
284a4936e92ed9e50b5c1def612e638d,1,2
288ecad136a0d75296a97451a842c2d9,1,3
290d559945b43bf499b98e574e52b77a,1,3
2bdb2aa91371cf5f45ad92e80f9e6e48,1,1
2c082f2ee7f48eb8138111dba494c18d,1,3
2cfcb5c072a048a7e89f4ce0c7ffba95,1,3
336d209d3d800a4eaa7e5a580bd07443,1,3
35383019ce031c48b201564cac2ca2a9,1,3
3837b5c89cc2911f004f3262948d8184,1,0
3c5dd3228d78fcb50110e84a6ea52a2c,1,3
41bf5481080aa5937a86ee76ac3c8a10,1,3
42f18e4265fe539e08d2336a0945fe29,1,3
445d36e44d60038a3afb0ed817d05af1,1,1
4c36850bb06531754a31312c7aedc0bd,1,3
54cf478c66f8f9c487b9100f1c877536,1,2
5a202da6527447d3821a676040d84a58,1,1
5b318432e6f06ec219a9dda39a170b43,1,1
5db3b55ceaad509032b220f7441de36f,1,1
5e12a13d7448a04708fcf8db1cfa075f,1,2
663b9c4799c396461cee48fe242af779,1,1
686036d0ece50db828fb6030b5e51493,1,3
6a6d680faf6d5d6abc4faa9f9174b23f,1,3
6b34881203d8b37e1135234fa0e4a644,1,2
6d89657d861b9a8129876f4746fc1d42,1,1
707a8678805f3d9770a3eef59f807108,1,3
713812ec1d23cc5fc0334118c3506c5b,1,0
71e7bf9626423040bc534dfeabbf4ec6,1,2
7d0e54fe3509aa42be9410277cd5c4a6,1,0
7f70fa24f3e773726cc0575d7141f8ae,1,0
801432279f01800811c3710f23413422,1,0
844cad4438754fb18a91039ec4d5dae3,1,2
8621606c290f5194c85df189c1d3aa1d,1,3
8aead60688ba17e3037e2287c612edda,1,2
8c47db8c5f20a73ea2f30735dfd4810c,1,1
8cfdae0efeff52d3df715a64683b73d6,1,3
9458513fb619b1208cfd4a8ee310c425,1,0
95924b3096bfe9d7e9c957ea1ae32615,1,3
979077a1b9f0ce781b1289e080610f20,1,1
9e38d5c151ab640c756033f74b857088,1,0
9fd221379ee2b27ea25cab28cf6e1cb3,1,1
a0665de7461c285721d9391279ddd91a,1,3
aa14bce120b7bd6d27d0481ede8c2772,1,3
aa1af5b6e580037bc350bf8bf68423de,1,3
aa819d3a765831770ac512c32a98b403,1,2
ac5b0e4b6143963002874f85a5321215,1,0
adb34b249188ce756cbfefbb995845a9,1,0
b3bd4f548a3ea5b039235798f8b3612d,1,0
b423e2f511984ef065bcd572623fd6da,1,3
ba1b596a59490c3a4f63090b08e40900,1,2
bdc38d542cf42b6afe08e5d19cb56fe4,1,3
bf23c559ec17628a9a80e84957d9f9ab,1,2
c1c3f04e8d116c14fc5f8f1802838496,1,0
c39bc2834bde7deda805d0cec7832d29,1,3
c592cd722aae1d85b3e51e09909ff3cb,1,3
c73ab4672b2c0590f91e0dbcf31f6c99,1,1
c991eda35e1e6c3a5e9ba5f0d0fa43ba,1,3
cfd36f8a015e30270cdac5951cf2c502,1,3
d6fd4eca0129826163219da6f5dd2c1b,1,2
d8d05eae13a93065eb99ab1285872fa6,1,2
da3f04554dda5fa1142abd04dc4f5e0e,1,0
da9be215f94574bba1f09189a3d7161d,1,1
dca08e7a19f8e717666006a518a129d1,1,3
dd5311e20bd11b0da3d705738b22b6ae,1,2
deee9c9d0df9600635c23f2735fb0cdf,1,3
e1a601b9db08d4eb7058ba8eaea94db3,1,2
e42610dd155a678219866f27f7424bc2,1,3
ea063886e70410bb461eb0340574353e,1,0
ef061e8d0a27acfe2f9a911ea011ed98,1,0
f8e7cb66774039e8078813dcb164039d,1,0
64417bd3ab86737ce6597211b3072109,2,0,3
757e72fbc8f9dbce6e98cf67a81992bb,2,1,2
757f8dcdf913ef02667bd2bcdf3aa624,2,0,3
1c761d269b05cd7293c4a8fae914a7c3,3,0,1,2
243b07b82821d55cace20b6b8f97c3a1,3,1,2,3
4112f74e348aa39c8fd5baafb2a4505e,3,0,1,2
4843eaa2f0c4629529d9324f48b83eb3,3,0,2,3
547e38d33d35b91e271ac50df112c9df,3,0,2,3
95313cdc019824ba4e6c9eb1d49aeec5,3,0,2,3
9f5576e02cd0152da84a0bf1f81db730,3,0,2,3
beb7ad86c647b803bb0dc3676b56d62c,3,0,2,3
c1006bcf383396e9a427e910e69a070f,3,0,1,3
d9f8e0f89aa58ea7bcfa7c823dec5736,3,1,2,3
f6054ceeec11f7eba8dbc1925dfa707c,3,0,1,2
fcb41adec7702883fc22e063f8b9b7e3,3,0,2,3
079abdc169ef3e8be58093989e011d91,4,0,1,2,3
1a5734fdbd0f82673036bc04ea62387c,4,0,1,2,3
36363da7a6a6631a2e1b244ca9edeff5,4,0,1,2,3
7bd94428a4be64e498977ccfb1aa6442,4,0,1,2,3
bc76d99d77015ee2aa29677ff285e3a1,4,0,1,2,3